{
 "cells": [
  {
   "cell_type": "code",
   "execution_count": 1,
   "metadata": {},
   "outputs": [],
   "source": [
    "import pandas as pd\n",
    "import numpy as np\n",
    "import matplotlib.pyplot as plt\n",
    "%matplotlib inline"
   ]
  },
  {
   "cell_type": "code",
   "execution_count": 2,
   "metadata": {},
   "outputs": [],
   "source": [
    "plt.style.use(\"ggplot\")"
   ]
  },
  {
   "cell_type": "code",
   "execution_count": 4,
   "metadata": {},
   "outputs": [],
   "source": [
    "df_sim = pd.read_csv(\"./data/SIM-Reaction-1.csv\",delimiter=\",\",header=9, index_col=0)\n",
    "df_sim2 = pd.read_csv(\"./data/SIM-Reaction-2.csv\",delimiter=\",\",header=9, index_col=0)"
   ]
  },
  {
   "cell_type": "code",
   "execution_count": 5,
   "metadata": {},
   "outputs": [
    {
     "data": {
      "text/plain": [
       "<bound method NDFrame.head of                   A         B         C         D\n",
       "Time[min]                                        \n",
       "0          1.000000  1.000000  0.000000  0.000000\n",
       "5          0.959854  0.960018  0.039819  0.000164\n",
       "10         0.922501  0.923121  0.076259  0.000620\n",
       "15         0.887656  0.888978  0.109700  0.001322\n",
       "20         0.855069  0.857300  0.140470  0.002230\n",
       "25         0.824525  0.827837  0.168850  0.003313\n",
       "30         0.795833  0.800374  0.195085  0.004541\n",
       "35         0.768827  0.774719  0.219389  0.005892\n",
       "40         0.743361  0.750706  0.241949  0.007345\n",
       "45         0.719305  0.728188  0.262929  0.008883\n",
       "50         0.696542  0.707034  0.282475  0.010491\n",
       "55         0.674971  0.687128  0.300715  0.012157\n",
       "60         0.654498  0.668367  0.317763  0.013869\n",
       "65         0.635041  0.650660  0.333721  0.015619\n",
       "70         0.616524  0.633922  0.348680  0.017398\n",
       "75         0.598882  0.618080  0.362722  0.019198\n",
       "80         0.582052  0.603067  0.375919  0.021015\n",
       "85         0.565979  0.588821  0.388337  0.022842\n",
       "90         0.550614  0.575289  0.400036  0.024675\n",
       "95         0.535909  0.562419  0.411071  0.026510\n",
       "100        0.521823  0.550167  0.421489  0.028344\n",
       "105        0.508318  0.538491  0.431335  0.030174\n",
       "110        0.495358  0.527354  0.440650  0.031996\n",
       "115        0.482911  0.516720  0.449471  0.033809\n",
       "120        0.470946  0.506558  0.457830  0.035612\n",
       "125        0.459437  0.496838  0.465761  0.037401\n",
       "130        0.448358  0.487535  0.473289  0.039176\n",
       "135        0.437686  0.478622  0.480442  0.040936\n",
       "140        0.427398  0.470077  0.487244  0.042679\n",
       "145        0.417474  0.461879  0.493716  0.044405\n",
       "...             ...       ...       ...       ...\n",
       "300        0.223052  0.311141  0.600769  0.088090\n",
       "305        0.219092  0.308290  0.602512  0.089198\n",
       "310        0.215225  0.305514  0.604197  0.090289\n",
       "315        0.211447  0.302812  0.605824  0.091364\n",
       "320        0.207756  0.300180  0.607397  0.092423\n",
       "325        0.204149  0.297616  0.608917  0.093467\n",
       "330        0.200623  0.295118  0.610388  0.094494\n",
       "335        0.197176  0.292683  0.611810  0.095507\n",
       "340        0.193805  0.290310  0.613186  0.096504\n",
       "345        0.190509  0.287996  0.614517  0.097487\n",
       "350        0.187284  0.285739  0.615806  0.098455\n",
       "355        0.184129  0.283537  0.617054  0.099408\n",
       "360        0.181042  0.281389  0.618263  0.100348\n",
       "365        0.178020  0.279293  0.619434  0.101273\n",
       "370        0.175062  0.277247  0.620568  0.102185\n",
       "375        0.172166  0.275250  0.621667  0.103083\n",
       "380        0.169331  0.273299  0.622733  0.103968\n",
       "385        0.166554  0.271394  0.623766  0.104840\n",
       "390        0.163834  0.269533  0.624768  0.105699\n",
       "395        0.161170  0.267715  0.625739  0.106545\n",
       "400        0.158559  0.265939  0.626682  0.107379\n",
       "405        0.156002  0.264202  0.627597  0.108201\n",
       "410        0.153495  0.262505  0.628484  0.109010\n",
       "415        0.151037  0.260846  0.629346  0.109808\n",
       "420        0.148629  0.259223  0.630183  0.110594\n",
       "425        0.146267  0.257636  0.630995  0.111369\n",
       "430        0.143952  0.256084  0.631785  0.112132\n",
       "435        0.141681  0.254565  0.632551  0.112884\n",
       "440        0.139454  0.253079  0.633296  0.113625\n",
       "445        0.137269  0.251625  0.634020  0.114355\n",
       "\n",
       "[90 rows x 4 columns]>"
      ]
     },
     "execution_count": 5,
     "metadata": {},
     "output_type": "execute_result"
    }
   ],
   "source": [
    "df_sim.head"
   ]
  },
  {
   "cell_type": "code",
   "execution_count": 6,
   "metadata": {},
   "outputs": [
    {
     "data": {
      "text/html": [
       "<div>\n",
       "<style scoped>\n",
       "    .dataframe tbody tr th:only-of-type {\n",
       "        vertical-align: middle;\n",
       "    }\n",
       "\n",
       "    .dataframe tbody tr th {\n",
       "        vertical-align: top;\n",
       "    }\n",
       "\n",
       "    .dataframe thead th {\n",
       "        text-align: right;\n",
       "    }\n",
       "</style>\n",
       "<table border=\"1\" class=\"dataframe\">\n",
       "  <thead>\n",
       "    <tr style=\"text-align: right;\">\n",
       "      <th></th>\n",
       "      <th>A</th>\n",
       "      <th>B</th>\n",
       "      <th>C</th>\n",
       "      <th>D</th>\n",
       "    </tr>\n",
       "    <tr>\n",
       "      <th>Time[min]</th>\n",
       "      <th></th>\n",
       "      <th></th>\n",
       "      <th></th>\n",
       "      <th></th>\n",
       "    </tr>\n",
       "  </thead>\n",
       "  <tbody>\n",
       "    <tr>\n",
       "      <th>450</th>\n",
       "      <td>0.135126</td>\n",
       "      <td>0.250201</td>\n",
       "      <td>0.634724</td>\n",
       "      <td>0.115075</td>\n",
       "    </tr>\n",
       "    <tr>\n",
       "      <th>455</th>\n",
       "      <td>0.133024</td>\n",
       "      <td>0.248808</td>\n",
       "      <td>0.635408</td>\n",
       "      <td>0.115784</td>\n",
       "    </tr>\n",
       "    <tr>\n",
       "      <th>460</th>\n",
       "      <td>0.130961</td>\n",
       "      <td>0.247444</td>\n",
       "      <td>0.636073</td>\n",
       "      <td>0.116483</td>\n",
       "    </tr>\n",
       "    <tr>\n",
       "      <th>465</th>\n",
       "      <td>0.128936</td>\n",
       "      <td>0.246108</td>\n",
       "      <td>0.636720</td>\n",
       "      <td>0.117172</td>\n",
       "    </tr>\n",
       "    <tr>\n",
       "      <th>470</th>\n",
       "      <td>0.126950</td>\n",
       "      <td>0.244800</td>\n",
       "      <td>0.637349</td>\n",
       "      <td>0.117851</td>\n",
       "    </tr>\n",
       "  </tbody>\n",
       "</table>\n",
       "</div>"
      ],
      "text/plain": [
       "                  A         B         C         D\n",
       "Time[min]                                        \n",
       "450        0.135126  0.250201  0.634724  0.115075\n",
       "455        0.133024  0.248808  0.635408  0.115784\n",
       "460        0.130961  0.247444  0.636073  0.116483\n",
       "465        0.128936  0.246108  0.636720  0.117172\n",
       "470        0.126950  0.244800  0.637349  0.117851"
      ]
     },
     "execution_count": 6,
     "metadata": {},
     "output_type": "execute_result"
    }
   ],
   "source": [
    "df_sim2.head()"
   ]
  },
  {
   "cell_type": "code",
   "execution_count": 7,
   "metadata": {},
   "outputs": [],
   "source": [
    "df_sim3 = pd.concat([df_sim, df_sim2])"
   ]
  },
  {
   "cell_type": "code",
   "execution_count": 8,
   "metadata": {},
   "outputs": [
    {
     "data": {
      "text/html": [
       "<div>\n",
       "<style scoped>\n",
       "    .dataframe tbody tr th:only-of-type {\n",
       "        vertical-align: middle;\n",
       "    }\n",
       "\n",
       "    .dataframe tbody tr th {\n",
       "        vertical-align: top;\n",
       "    }\n",
       "\n",
       "    .dataframe thead th {\n",
       "        text-align: right;\n",
       "    }\n",
       "</style>\n",
       "<table border=\"1\" class=\"dataframe\">\n",
       "  <thead>\n",
       "    <tr style=\"text-align: right;\">\n",
       "      <th></th>\n",
       "      <th>A</th>\n",
       "      <th>B</th>\n",
       "      <th>C</th>\n",
       "      <th>D</th>\n",
       "    </tr>\n",
       "    <tr>\n",
       "      <th>Time[min]</th>\n",
       "      <th></th>\n",
       "      <th></th>\n",
       "      <th></th>\n",
       "      <th></th>\n",
       "    </tr>\n",
       "  </thead>\n",
       "  <tbody>\n",
       "    <tr>\n",
       "      <th>0</th>\n",
       "      <td>1.000000</td>\n",
       "      <td>1.000000</td>\n",
       "      <td>0.000000</td>\n",
       "      <td>0.000000</td>\n",
       "    </tr>\n",
       "    <tr>\n",
       "      <th>5</th>\n",
       "      <td>0.959854</td>\n",
       "      <td>0.960018</td>\n",
       "      <td>0.039819</td>\n",
       "      <td>0.000164</td>\n",
       "    </tr>\n",
       "    <tr>\n",
       "      <th>10</th>\n",
       "      <td>0.922501</td>\n",
       "      <td>0.923121</td>\n",
       "      <td>0.076259</td>\n",
       "      <td>0.000620</td>\n",
       "    </tr>\n",
       "    <tr>\n",
       "      <th>15</th>\n",
       "      <td>0.887656</td>\n",
       "      <td>0.888978</td>\n",
       "      <td>0.109700</td>\n",
       "      <td>0.001322</td>\n",
       "    </tr>\n",
       "    <tr>\n",
       "      <th>20</th>\n",
       "      <td>0.855069</td>\n",
       "      <td>0.857300</td>\n",
       "      <td>0.140470</td>\n",
       "      <td>0.002230</td>\n",
       "    </tr>\n",
       "    <tr>\n",
       "      <th>25</th>\n",
       "      <td>0.824525</td>\n",
       "      <td>0.827837</td>\n",
       "      <td>0.168850</td>\n",
       "      <td>0.003313</td>\n",
       "    </tr>\n",
       "    <tr>\n",
       "      <th>30</th>\n",
       "      <td>0.795833</td>\n",
       "      <td>0.800374</td>\n",
       "      <td>0.195085</td>\n",
       "      <td>0.004541</td>\n",
       "    </tr>\n",
       "    <tr>\n",
       "      <th>35</th>\n",
       "      <td>0.768827</td>\n",
       "      <td>0.774719</td>\n",
       "      <td>0.219389</td>\n",
       "      <td>0.005892</td>\n",
       "    </tr>\n",
       "    <tr>\n",
       "      <th>40</th>\n",
       "      <td>0.743361</td>\n",
       "      <td>0.750706</td>\n",
       "      <td>0.241949</td>\n",
       "      <td>0.007345</td>\n",
       "    </tr>\n",
       "    <tr>\n",
       "      <th>45</th>\n",
       "      <td>0.719305</td>\n",
       "      <td>0.728188</td>\n",
       "      <td>0.262929</td>\n",
       "      <td>0.008883</td>\n",
       "    </tr>\n",
       "    <tr>\n",
       "      <th>50</th>\n",
       "      <td>0.696542</td>\n",
       "      <td>0.707034</td>\n",
       "      <td>0.282475</td>\n",
       "      <td>0.010491</td>\n",
       "    </tr>\n",
       "    <tr>\n",
       "      <th>55</th>\n",
       "      <td>0.674971</td>\n",
       "      <td>0.687128</td>\n",
       "      <td>0.300715</td>\n",
       "      <td>0.012157</td>\n",
       "    </tr>\n",
       "    <tr>\n",
       "      <th>60</th>\n",
       "      <td>0.654498</td>\n",
       "      <td>0.668367</td>\n",
       "      <td>0.317763</td>\n",
       "      <td>0.013869</td>\n",
       "    </tr>\n",
       "    <tr>\n",
       "      <th>65</th>\n",
       "      <td>0.635041</td>\n",
       "      <td>0.650660</td>\n",
       "      <td>0.333721</td>\n",
       "      <td>0.015619</td>\n",
       "    </tr>\n",
       "    <tr>\n",
       "      <th>70</th>\n",
       "      <td>0.616524</td>\n",
       "      <td>0.633922</td>\n",
       "      <td>0.348680</td>\n",
       "      <td>0.017398</td>\n",
       "    </tr>\n",
       "    <tr>\n",
       "      <th>75</th>\n",
       "      <td>0.598882</td>\n",
       "      <td>0.618080</td>\n",
       "      <td>0.362722</td>\n",
       "      <td>0.019198</td>\n",
       "    </tr>\n",
       "    <tr>\n",
       "      <th>80</th>\n",
       "      <td>0.582052</td>\n",
       "      <td>0.603067</td>\n",
       "      <td>0.375919</td>\n",
       "      <td>0.021015</td>\n",
       "    </tr>\n",
       "    <tr>\n",
       "      <th>85</th>\n",
       "      <td>0.565979</td>\n",
       "      <td>0.588821</td>\n",
       "      <td>0.388337</td>\n",
       "      <td>0.022842</td>\n",
       "    </tr>\n",
       "    <tr>\n",
       "      <th>90</th>\n",
       "      <td>0.550614</td>\n",
       "      <td>0.575289</td>\n",
       "      <td>0.400036</td>\n",
       "      <td>0.024675</td>\n",
       "    </tr>\n",
       "    <tr>\n",
       "      <th>95</th>\n",
       "      <td>0.535909</td>\n",
       "      <td>0.562419</td>\n",
       "      <td>0.411071</td>\n",
       "      <td>0.026510</td>\n",
       "    </tr>\n",
       "    <tr>\n",
       "      <th>100</th>\n",
       "      <td>0.521823</td>\n",
       "      <td>0.550167</td>\n",
       "      <td>0.421489</td>\n",
       "      <td>0.028344</td>\n",
       "    </tr>\n",
       "    <tr>\n",
       "      <th>105</th>\n",
       "      <td>0.508318</td>\n",
       "      <td>0.538491</td>\n",
       "      <td>0.431335</td>\n",
       "      <td>0.030174</td>\n",
       "    </tr>\n",
       "    <tr>\n",
       "      <th>110</th>\n",
       "      <td>0.495358</td>\n",
       "      <td>0.527354</td>\n",
       "      <td>0.440650</td>\n",
       "      <td>0.031996</td>\n",
       "    </tr>\n",
       "    <tr>\n",
       "      <th>115</th>\n",
       "      <td>0.482911</td>\n",
       "      <td>0.516720</td>\n",
       "      <td>0.449471</td>\n",
       "      <td>0.033809</td>\n",
       "    </tr>\n",
       "    <tr>\n",
       "      <th>120</th>\n",
       "      <td>0.470946</td>\n",
       "      <td>0.506558</td>\n",
       "      <td>0.457830</td>\n",
       "      <td>0.035612</td>\n",
       "    </tr>\n",
       "    <tr>\n",
       "      <th>125</th>\n",
       "      <td>0.459437</td>\n",
       "      <td>0.496838</td>\n",
       "      <td>0.465761</td>\n",
       "      <td>0.037401</td>\n",
       "    </tr>\n",
       "    <tr>\n",
       "      <th>130</th>\n",
       "      <td>0.448358</td>\n",
       "      <td>0.487535</td>\n",
       "      <td>0.473289</td>\n",
       "      <td>0.039176</td>\n",
       "    </tr>\n",
       "    <tr>\n",
       "      <th>135</th>\n",
       "      <td>0.437686</td>\n",
       "      <td>0.478622</td>\n",
       "      <td>0.480442</td>\n",
       "      <td>0.040936</td>\n",
       "    </tr>\n",
       "    <tr>\n",
       "      <th>140</th>\n",
       "      <td>0.427398</td>\n",
       "      <td>0.470077</td>\n",
       "      <td>0.487244</td>\n",
       "      <td>0.042679</td>\n",
       "    </tr>\n",
       "    <tr>\n",
       "      <th>145</th>\n",
       "      <td>0.417474</td>\n",
       "      <td>0.461879</td>\n",
       "      <td>0.493716</td>\n",
       "      <td>0.044405</td>\n",
       "    </tr>\n",
       "    <tr>\n",
       "      <th>...</th>\n",
       "      <td>...</td>\n",
       "      <td>...</td>\n",
       "      <td>...</td>\n",
       "      <td>...</td>\n",
       "    </tr>\n",
       "    <tr>\n",
       "      <th>855</th>\n",
       "      <td>0.042296</td>\n",
       "      <td>0.191815</td>\n",
       "      <td>0.658666</td>\n",
       "      <td>0.149519</td>\n",
       "    </tr>\n",
       "    <tr>\n",
       "      <th>860</th>\n",
       "      <td>0.041730</td>\n",
       "      <td>0.191479</td>\n",
       "      <td>0.658771</td>\n",
       "      <td>0.149750</td>\n",
       "    </tr>\n",
       "    <tr>\n",
       "      <th>865</th>\n",
       "      <td>0.041172</td>\n",
       "      <td>0.191149</td>\n",
       "      <td>0.658874</td>\n",
       "      <td>0.149977</td>\n",
       "    </tr>\n",
       "    <tr>\n",
       "      <th>870</th>\n",
       "      <td>0.040622</td>\n",
       "      <td>0.190824</td>\n",
       "      <td>0.658975</td>\n",
       "      <td>0.150202</td>\n",
       "    </tr>\n",
       "    <tr>\n",
       "      <th>875</th>\n",
       "      <td>0.040080</td>\n",
       "      <td>0.190503</td>\n",
       "      <td>0.659073</td>\n",
       "      <td>0.150423</td>\n",
       "    </tr>\n",
       "    <tr>\n",
       "      <th>880</th>\n",
       "      <td>0.039546</td>\n",
       "      <td>0.190188</td>\n",
       "      <td>0.659170</td>\n",
       "      <td>0.150642</td>\n",
       "    </tr>\n",
       "    <tr>\n",
       "      <th>885</th>\n",
       "      <td>0.039019</td>\n",
       "      <td>0.189877</td>\n",
       "      <td>0.659266</td>\n",
       "      <td>0.150857</td>\n",
       "    </tr>\n",
       "    <tr>\n",
       "      <th>890</th>\n",
       "      <td>0.038500</td>\n",
       "      <td>0.189571</td>\n",
       "      <td>0.659359</td>\n",
       "      <td>0.151070</td>\n",
       "    </tr>\n",
       "    <tr>\n",
       "      <th>895</th>\n",
       "      <td>0.037988</td>\n",
       "      <td>0.189269</td>\n",
       "      <td>0.659451</td>\n",
       "      <td>0.151280</td>\n",
       "    </tr>\n",
       "    <tr>\n",
       "      <th>900</th>\n",
       "      <td>0.037484</td>\n",
       "      <td>0.188972</td>\n",
       "      <td>0.659541</td>\n",
       "      <td>0.151488</td>\n",
       "    </tr>\n",
       "    <tr>\n",
       "      <th>905</th>\n",
       "      <td>0.036987</td>\n",
       "      <td>0.188679</td>\n",
       "      <td>0.659629</td>\n",
       "      <td>0.151692</td>\n",
       "    </tr>\n",
       "    <tr>\n",
       "      <th>910</th>\n",
       "      <td>0.036496</td>\n",
       "      <td>0.188390</td>\n",
       "      <td>0.659716</td>\n",
       "      <td>0.151894</td>\n",
       "    </tr>\n",
       "    <tr>\n",
       "      <th>915</th>\n",
       "      <td>0.036013</td>\n",
       "      <td>0.188106</td>\n",
       "      <td>0.659801</td>\n",
       "      <td>0.152093</td>\n",
       "    </tr>\n",
       "    <tr>\n",
       "      <th>920</th>\n",
       "      <td>0.035536</td>\n",
       "      <td>0.187826</td>\n",
       "      <td>0.659884</td>\n",
       "      <td>0.152290</td>\n",
       "    </tr>\n",
       "    <tr>\n",
       "      <th>925</th>\n",
       "      <td>0.035066</td>\n",
       "      <td>0.187550</td>\n",
       "      <td>0.659966</td>\n",
       "      <td>0.152484</td>\n",
       "    </tr>\n",
       "    <tr>\n",
       "      <th>930</th>\n",
       "      <td>0.034603</td>\n",
       "      <td>0.187278</td>\n",
       "      <td>0.660046</td>\n",
       "      <td>0.152676</td>\n",
       "    </tr>\n",
       "    <tr>\n",
       "      <th>935</th>\n",
       "      <td>0.034146</td>\n",
       "      <td>0.187010</td>\n",
       "      <td>0.660125</td>\n",
       "      <td>0.152865</td>\n",
       "    </tr>\n",
       "    <tr>\n",
       "      <th>940</th>\n",
       "      <td>0.033695</td>\n",
       "      <td>0.186746</td>\n",
       "      <td>0.660203</td>\n",
       "      <td>0.153051</td>\n",
       "    </tr>\n",
       "    <tr>\n",
       "      <th>945</th>\n",
       "      <td>0.033251</td>\n",
       "      <td>0.186486</td>\n",
       "      <td>0.660279</td>\n",
       "      <td>0.153235</td>\n",
       "    </tr>\n",
       "    <tr>\n",
       "      <th>950</th>\n",
       "      <td>0.032813</td>\n",
       "      <td>0.186230</td>\n",
       "      <td>0.660353</td>\n",
       "      <td>0.153417</td>\n",
       "    </tr>\n",
       "    <tr>\n",
       "      <th>955</th>\n",
       "      <td>0.032381</td>\n",
       "      <td>0.185977</td>\n",
       "      <td>0.660427</td>\n",
       "      <td>0.153596</td>\n",
       "    </tr>\n",
       "    <tr>\n",
       "      <th>960</th>\n",
       "      <td>0.031955</td>\n",
       "      <td>0.185728</td>\n",
       "      <td>0.660499</td>\n",
       "      <td>0.153773</td>\n",
       "    </tr>\n",
       "    <tr>\n",
       "      <th>965</th>\n",
       "      <td>0.031535</td>\n",
       "      <td>0.185483</td>\n",
       "      <td>0.660570</td>\n",
       "      <td>0.153948</td>\n",
       "    </tr>\n",
       "    <tr>\n",
       "      <th>970</th>\n",
       "      <td>0.031120</td>\n",
       "      <td>0.185241</td>\n",
       "      <td>0.660639</td>\n",
       "      <td>0.154120</td>\n",
       "    </tr>\n",
       "    <tr>\n",
       "      <th>975</th>\n",
       "      <td>0.030712</td>\n",
       "      <td>0.185002</td>\n",
       "      <td>0.660707</td>\n",
       "      <td>0.154290</td>\n",
       "    </tr>\n",
       "    <tr>\n",
       "      <th>980</th>\n",
       "      <td>0.030309</td>\n",
       "      <td>0.184767</td>\n",
       "      <td>0.660774</td>\n",
       "      <td>0.154458</td>\n",
       "    </tr>\n",
       "    <tr>\n",
       "      <th>985</th>\n",
       "      <td>0.029912</td>\n",
       "      <td>0.184536</td>\n",
       "      <td>0.660840</td>\n",
       "      <td>0.154624</td>\n",
       "    </tr>\n",
       "    <tr>\n",
       "      <th>990</th>\n",
       "      <td>0.029520</td>\n",
       "      <td>0.184308</td>\n",
       "      <td>0.660905</td>\n",
       "      <td>0.154788</td>\n",
       "    </tr>\n",
       "    <tr>\n",
       "      <th>995</th>\n",
       "      <td>0.029134</td>\n",
       "      <td>0.184083</td>\n",
       "      <td>0.660968</td>\n",
       "      <td>0.154949</td>\n",
       "    </tr>\n",
       "    <tr>\n",
       "      <th>1000</th>\n",
       "      <td>0.028752</td>\n",
       "      <td>0.183861</td>\n",
       "      <td>0.661031</td>\n",
       "      <td>0.155108</td>\n",
       "    </tr>\n",
       "  </tbody>\n",
       "</table>\n",
       "<p>201 rows × 4 columns</p>\n",
       "</div>"
      ],
      "text/plain": [
       "                  A         B         C         D\n",
       "Time[min]                                        \n",
       "0          1.000000  1.000000  0.000000  0.000000\n",
       "5          0.959854  0.960018  0.039819  0.000164\n",
       "10         0.922501  0.923121  0.076259  0.000620\n",
       "15         0.887656  0.888978  0.109700  0.001322\n",
       "20         0.855069  0.857300  0.140470  0.002230\n",
       "25         0.824525  0.827837  0.168850  0.003313\n",
       "30         0.795833  0.800374  0.195085  0.004541\n",
       "35         0.768827  0.774719  0.219389  0.005892\n",
       "40         0.743361  0.750706  0.241949  0.007345\n",
       "45         0.719305  0.728188  0.262929  0.008883\n",
       "50         0.696542  0.707034  0.282475  0.010491\n",
       "55         0.674971  0.687128  0.300715  0.012157\n",
       "60         0.654498  0.668367  0.317763  0.013869\n",
       "65         0.635041  0.650660  0.333721  0.015619\n",
       "70         0.616524  0.633922  0.348680  0.017398\n",
       "75         0.598882  0.618080  0.362722  0.019198\n",
       "80         0.582052  0.603067  0.375919  0.021015\n",
       "85         0.565979  0.588821  0.388337  0.022842\n",
       "90         0.550614  0.575289  0.400036  0.024675\n",
       "95         0.535909  0.562419  0.411071  0.026510\n",
       "100        0.521823  0.550167  0.421489  0.028344\n",
       "105        0.508318  0.538491  0.431335  0.030174\n",
       "110        0.495358  0.527354  0.440650  0.031996\n",
       "115        0.482911  0.516720  0.449471  0.033809\n",
       "120        0.470946  0.506558  0.457830  0.035612\n",
       "125        0.459437  0.496838  0.465761  0.037401\n",
       "130        0.448358  0.487535  0.473289  0.039176\n",
       "135        0.437686  0.478622  0.480442  0.040936\n",
       "140        0.427398  0.470077  0.487244  0.042679\n",
       "145        0.417474  0.461879  0.493716  0.044405\n",
       "...             ...       ...       ...       ...\n",
       "855        0.042296  0.191815  0.658666  0.149519\n",
       "860        0.041730  0.191479  0.658771  0.149750\n",
       "865        0.041172  0.191149  0.658874  0.149977\n",
       "870        0.040622  0.190824  0.658975  0.150202\n",
       "875        0.040080  0.190503  0.659073  0.150423\n",
       "880        0.039546  0.190188  0.659170  0.150642\n",
       "885        0.039019  0.189877  0.659266  0.150857\n",
       "890        0.038500  0.189571  0.659359  0.151070\n",
       "895        0.037988  0.189269  0.659451  0.151280\n",
       "900        0.037484  0.188972  0.659541  0.151488\n",
       "905        0.036987  0.188679  0.659629  0.151692\n",
       "910        0.036496  0.188390  0.659716  0.151894\n",
       "915        0.036013  0.188106  0.659801  0.152093\n",
       "920        0.035536  0.187826  0.659884  0.152290\n",
       "925        0.035066  0.187550  0.659966  0.152484\n",
       "930        0.034603  0.187278  0.660046  0.152676\n",
       "935        0.034146  0.187010  0.660125  0.152865\n",
       "940        0.033695  0.186746  0.660203  0.153051\n",
       "945        0.033251  0.186486  0.660279  0.153235\n",
       "950        0.032813  0.186230  0.660353  0.153417\n",
       "955        0.032381  0.185977  0.660427  0.153596\n",
       "960        0.031955  0.185728  0.660499  0.153773\n",
       "965        0.031535  0.185483  0.660570  0.153948\n",
       "970        0.031120  0.185241  0.660639  0.154120\n",
       "975        0.030712  0.185002  0.660707  0.154290\n",
       "980        0.030309  0.184767  0.660774  0.154458\n",
       "985        0.029912  0.184536  0.660840  0.154624\n",
       "990        0.029520  0.184308  0.660905  0.154788\n",
       "995        0.029134  0.184083  0.660968  0.154949\n",
       "1000       0.028752  0.183861  0.661031  0.155108\n",
       "\n",
       "[201 rows x 4 columns]"
      ]
     },
     "execution_count": 8,
     "metadata": {},
     "output_type": "execute_result"
    }
   ],
   "source": [
    "df_sim3"
   ]
  },
  {
   "cell_type": "code",
   "execution_count": 9,
   "metadata": {},
   "outputs": [],
   "source": [
    "df_ex = pd.DataFrame([])\n",
    "for i in range(1,4):\n",
    "    df = pd.read_excel(\"./data/exp-Reaction.xlsx\", sheet_name=\"Sheet\"+str(i),header=5,index_col=0)\n",
    "    df[\"id\"] = i\n",
    "    df_ex = pd.concat([df_ex,df])"
   ]
  },
  {
   "cell_type": "code",
   "execution_count": 10,
   "metadata": {},
   "outputs": [
    {
     "data": {
      "text/html": [
       "<div>\n",
       "<style scoped>\n",
       "    .dataframe tbody tr th:only-of-type {\n",
       "        vertical-align: middle;\n",
       "    }\n",
       "\n",
       "    .dataframe tbody tr th {\n",
       "        vertical-align: top;\n",
       "    }\n",
       "\n",
       "    .dataframe thead th {\n",
       "        text-align: right;\n",
       "    }\n",
       "</style>\n",
       "<table border=\"1\" class=\"dataframe\">\n",
       "  <thead>\n",
       "    <tr style=\"text-align: right;\">\n",
       "      <th></th>\n",
       "      <th>A(exp)</th>\n",
       "      <th>B(exp)</th>\n",
       "      <th>C(exp)</th>\n",
       "      <th>D(exp)</th>\n",
       "      <th>id</th>\n",
       "    </tr>\n",
       "    <tr>\n",
       "      <th>Time[min]</th>\n",
       "      <th></th>\n",
       "      <th></th>\n",
       "      <th></th>\n",
       "      <th></th>\n",
       "      <th></th>\n",
       "    </tr>\n",
       "  </thead>\n",
       "  <tbody>\n",
       "    <tr>\n",
       "      <th>0</th>\n",
       "      <td>1.000000</td>\n",
       "      <td>1.000000</td>\n",
       "      <td>0.000000</td>\n",
       "      <td>0.000000</td>\n",
       "      <td>1</td>\n",
       "    </tr>\n",
       "    <tr>\n",
       "      <th>30</th>\n",
       "      <td>0.815000</td>\n",
       "      <td>0.770000</td>\n",
       "      <td>0.223000</td>\n",
       "      <td>0.006000</td>\n",
       "      <td>1</td>\n",
       "    </tr>\n",
       "    <tr>\n",
       "      <th>60</th>\n",
       "      <td>0.669000</td>\n",
       "      <td>0.659000</td>\n",
       "      <td>0.313000</td>\n",
       "      <td>0.060000</td>\n",
       "      <td>1</td>\n",
       "    </tr>\n",
       "    <tr>\n",
       "      <th>90</th>\n",
       "      <td>0.569000</td>\n",
       "      <td>0.556000</td>\n",
       "      <td>0.369000</td>\n",
       "      <td>0.068000</td>\n",
       "      <td>1</td>\n",
       "    </tr>\n",
       "    <tr>\n",
       "      <th>120</th>\n",
       "      <td>0.512000</td>\n",
       "      <td>0.500000</td>\n",
       "      <td>0.437000</td>\n",
       "      <td>0.027000</td>\n",
       "      <td>1</td>\n",
       "    </tr>\n",
       "    <tr>\n",
       "      <th>150</th>\n",
       "      <td>0.433000</td>\n",
       "      <td>0.456000</td>\n",
       "      <td>0.519000</td>\n",
       "      <td>0.082000</td>\n",
       "      <td>1</td>\n",
       "    </tr>\n",
       "    <tr>\n",
       "      <th>180</th>\n",
       "      <td>0.365000</td>\n",
       "      <td>0.382000</td>\n",
       "      <td>0.503000</td>\n",
       "      <td>0.084000</td>\n",
       "      <td>1</td>\n",
       "    </tr>\n",
       "    <tr>\n",
       "      <th>210</th>\n",
       "      <td>0.298000</td>\n",
       "      <td>0.390000</td>\n",
       "      <td>0.534000</td>\n",
       "      <td>0.061000</td>\n",
       "      <td>1</td>\n",
       "    </tr>\n",
       "    <tr>\n",
       "      <th>240</th>\n",
       "      <td>0.312000</td>\n",
       "      <td>0.340000</td>\n",
       "      <td>0.577000</td>\n",
       "      <td>0.073000</td>\n",
       "      <td>1</td>\n",
       "    </tr>\n",
       "    <tr>\n",
       "      <th>270</th>\n",
       "      <td>0.296000</td>\n",
       "      <td>0.333000</td>\n",
       "      <td>0.585000</td>\n",
       "      <td>0.082000</td>\n",
       "      <td>1</td>\n",
       "    </tr>\n",
       "    <tr>\n",
       "      <th>300</th>\n",
       "      <td>0.245000</td>\n",
       "      <td>0.303000</td>\n",
       "      <td>0.605000</td>\n",
       "      <td>0.108000</td>\n",
       "      <td>1</td>\n",
       "    </tr>\n",
       "    <tr>\n",
       "      <th>330</th>\n",
       "      <td>0.191000</td>\n",
       "      <td>0.250000</td>\n",
       "      <td>0.572000</td>\n",
       "      <td>0.102000</td>\n",
       "      <td>1</td>\n",
       "    </tr>\n",
       "    <tr>\n",
       "      <th>360</th>\n",
       "      <td>0.202000</td>\n",
       "      <td>0.292000</td>\n",
       "      <td>0.579000</td>\n",
       "      <td>0.128000</td>\n",
       "      <td>1</td>\n",
       "    </tr>\n",
       "    <tr>\n",
       "      <th>390</th>\n",
       "      <td>0.209000</td>\n",
       "      <td>0.278000</td>\n",
       "      <td>0.653000</td>\n",
       "      <td>0.143000</td>\n",
       "      <td>1</td>\n",
       "    </tr>\n",
       "    <tr>\n",
       "      <th>420</th>\n",
       "      <td>0.161000</td>\n",
       "      <td>0.233000</td>\n",
       "      <td>0.606000</td>\n",
       "      <td>0.127000</td>\n",
       "      <td>1</td>\n",
       "    </tr>\n",
       "    <tr>\n",
       "      <th>450</th>\n",
       "      <td>0.144000</td>\n",
       "      <td>0.214000</td>\n",
       "      <td>0.624000</td>\n",
       "      <td>0.127000</td>\n",
       "      <td>1</td>\n",
       "    </tr>\n",
       "    <tr>\n",
       "      <th>480</th>\n",
       "      <td>0.169000</td>\n",
       "      <td>0.204000</td>\n",
       "      <td>0.670000</td>\n",
       "      <td>0.154000</td>\n",
       "      <td>1</td>\n",
       "    </tr>\n",
       "    <tr>\n",
       "      <th>510</th>\n",
       "      <td>0.111000</td>\n",
       "      <td>0.250000</td>\n",
       "      <td>0.672000</td>\n",
       "      <td>0.119000</td>\n",
       "      <td>1</td>\n",
       "    </tr>\n",
       "    <tr>\n",
       "      <th>540</th>\n",
       "      <td>0.086000</td>\n",
       "      <td>0.181000</td>\n",
       "      <td>0.671000</td>\n",
       "      <td>0.154000</td>\n",
       "      <td>1</td>\n",
       "    </tr>\n",
       "    <tr>\n",
       "      <th>570</th>\n",
       "      <td>0.075000</td>\n",
       "      <td>0.235000</td>\n",
       "      <td>0.641000</td>\n",
       "      <td>0.142000</td>\n",
       "      <td>1</td>\n",
       "    </tr>\n",
       "    <tr>\n",
       "      <th>600</th>\n",
       "      <td>0.125000</td>\n",
       "      <td>0.240000</td>\n",
       "      <td>0.660000</td>\n",
       "      <td>0.162000</td>\n",
       "      <td>1</td>\n",
       "    </tr>\n",
       "    <tr>\n",
       "      <th>630</th>\n",
       "      <td>0.084000</td>\n",
       "      <td>0.210000</td>\n",
       "      <td>0.664000</td>\n",
       "      <td>0.174000</td>\n",
       "      <td>1</td>\n",
       "    </tr>\n",
       "    <tr>\n",
       "      <th>660</th>\n",
       "      <td>0.067000</td>\n",
       "      <td>0.234000</td>\n",
       "      <td>0.640000</td>\n",
       "      <td>0.172000</td>\n",
       "      <td>1</td>\n",
       "    </tr>\n",
       "    <tr>\n",
       "      <th>690</th>\n",
       "      <td>0.097000</td>\n",
       "      <td>0.211000</td>\n",
       "      <td>0.676000</td>\n",
       "      <td>0.185000</td>\n",
       "      <td>1</td>\n",
       "    </tr>\n",
       "    <tr>\n",
       "      <th>720</th>\n",
       "      <td>0.091000</td>\n",
       "      <td>0.226000</td>\n",
       "      <td>0.653000</td>\n",
       "      <td>0.143000</td>\n",
       "      <td>1</td>\n",
       "    </tr>\n",
       "    <tr>\n",
       "      <th>750</th>\n",
       "      <td>0.086000</td>\n",
       "      <td>0.196000</td>\n",
       "      <td>0.651000</td>\n",
       "      <td>0.187000</td>\n",
       "      <td>1</td>\n",
       "    </tr>\n",
       "    <tr>\n",
       "      <th>780</th>\n",
       "      <td>0.070000</td>\n",
       "      <td>0.199000</td>\n",
       "      <td>0.659000</td>\n",
       "      <td>0.147000</td>\n",
       "      <td>1</td>\n",
       "    </tr>\n",
       "    <tr>\n",
       "      <th>810</th>\n",
       "      <td>0.042000</td>\n",
       "      <td>0.159000</td>\n",
       "      <td>0.673000</td>\n",
       "      <td>0.188000</td>\n",
       "      <td>1</td>\n",
       "    </tr>\n",
       "    <tr>\n",
       "      <th>840</th>\n",
       "      <td>0.054000</td>\n",
       "      <td>0.176000</td>\n",
       "      <td>0.666000</td>\n",
       "      <td>0.194000</td>\n",
       "      <td>1</td>\n",
       "    </tr>\n",
       "    <tr>\n",
       "      <th>870</th>\n",
       "      <td>0.071000</td>\n",
       "      <td>0.204000</td>\n",
       "      <td>0.662000</td>\n",
       "      <td>0.161000</td>\n",
       "      <td>1</td>\n",
       "    </tr>\n",
       "    <tr>\n",
       "      <th>...</th>\n",
       "      <td>...</td>\n",
       "      <td>...</td>\n",
       "      <td>...</td>\n",
       "      <td>...</td>\n",
       "      <td>...</td>\n",
       "    </tr>\n",
       "    <tr>\n",
       "      <th>120</th>\n",
       "      <td>0.512475</td>\n",
       "      <td>0.530757</td>\n",
       "      <td>0.397834</td>\n",
       "      <td>0.081559</td>\n",
       "      <td>3</td>\n",
       "    </tr>\n",
       "    <tr>\n",
       "      <th>150</th>\n",
       "      <td>0.430040</td>\n",
       "      <td>0.451815</td>\n",
       "      <td>0.584271</td>\n",
       "      <td>0.101553</td>\n",
       "      <td>3</td>\n",
       "    </tr>\n",
       "    <tr>\n",
       "      <th>180</th>\n",
       "      <td>0.384470</td>\n",
       "      <td>0.388782</td>\n",
       "      <td>0.490828</td>\n",
       "      <td>0.045101</td>\n",
       "      <td>3</td>\n",
       "    </tr>\n",
       "    <tr>\n",
       "      <th>210</th>\n",
       "      <td>0.336063</td>\n",
       "      <td>0.422278</td>\n",
       "      <td>0.449999</td>\n",
       "      <td>0.039253</td>\n",
       "      <td>3</td>\n",
       "    </tr>\n",
       "    <tr>\n",
       "      <th>240</th>\n",
       "      <td>0.285239</td>\n",
       "      <td>0.310164</td>\n",
       "      <td>0.601764</td>\n",
       "      <td>0.078375</td>\n",
       "      <td>3</td>\n",
       "    </tr>\n",
       "    <tr>\n",
       "      <th>270</th>\n",
       "      <td>0.339671</td>\n",
       "      <td>0.307810</td>\n",
       "      <td>0.578916</td>\n",
       "      <td>0.110185</td>\n",
       "      <td>3</td>\n",
       "    </tr>\n",
       "    <tr>\n",
       "      <th>300</th>\n",
       "      <td>0.239456</td>\n",
       "      <td>0.300729</td>\n",
       "      <td>0.557230</td>\n",
       "      <td>0.127771</td>\n",
       "      <td>3</td>\n",
       "    </tr>\n",
       "    <tr>\n",
       "      <th>330</th>\n",
       "      <td>0.191080</td>\n",
       "      <td>0.239669</td>\n",
       "      <td>0.582808</td>\n",
       "      <td>0.135770</td>\n",
       "      <td>3</td>\n",
       "    </tr>\n",
       "    <tr>\n",
       "      <th>360</th>\n",
       "      <td>0.152691</td>\n",
       "      <td>0.342248</td>\n",
       "      <td>0.638688</td>\n",
       "      <td>0.140034</td>\n",
       "      <td>3</td>\n",
       "    </tr>\n",
       "    <tr>\n",
       "      <th>390</th>\n",
       "      <td>0.197796</td>\n",
       "      <td>0.274044</td>\n",
       "      <td>0.629470</td>\n",
       "      <td>0.098788</td>\n",
       "      <td>3</td>\n",
       "    </tr>\n",
       "    <tr>\n",
       "      <th>420</th>\n",
       "      <td>0.174273</td>\n",
       "      <td>0.218510</td>\n",
       "      <td>0.670856</td>\n",
       "      <td>0.106733</td>\n",
       "      <td>3</td>\n",
       "    </tr>\n",
       "    <tr>\n",
       "      <th>450</th>\n",
       "      <td>0.133114</td>\n",
       "      <td>0.185857</td>\n",
       "      <td>0.672025</td>\n",
       "      <td>0.112716</td>\n",
       "      <td>3</td>\n",
       "    </tr>\n",
       "    <tr>\n",
       "      <th>480</th>\n",
       "      <td>0.144881</td>\n",
       "      <td>0.252523</td>\n",
       "      <td>0.631940</td>\n",
       "      <td>0.154278</td>\n",
       "      <td>3</td>\n",
       "    </tr>\n",
       "    <tr>\n",
       "      <th>510</th>\n",
       "      <td>0.081428</td>\n",
       "      <td>0.268121</td>\n",
       "      <td>0.663218</td>\n",
       "      <td>0.135990</td>\n",
       "      <td>3</td>\n",
       "    </tr>\n",
       "    <tr>\n",
       "      <th>540</th>\n",
       "      <td>0.092788</td>\n",
       "      <td>0.250601</td>\n",
       "      <td>0.596494</td>\n",
       "      <td>0.189475</td>\n",
       "      <td>3</td>\n",
       "    </tr>\n",
       "    <tr>\n",
       "      <th>570</th>\n",
       "      <td>0.056962</td>\n",
       "      <td>0.247685</td>\n",
       "      <td>0.635667</td>\n",
       "      <td>0.180938</td>\n",
       "      <td>3</td>\n",
       "    </tr>\n",
       "    <tr>\n",
       "      <th>600</th>\n",
       "      <td>0.175076</td>\n",
       "      <td>0.241136</td>\n",
       "      <td>0.711900</td>\n",
       "      <td>0.189177</td>\n",
       "      <td>3</td>\n",
       "    </tr>\n",
       "    <tr>\n",
       "      <th>630</th>\n",
       "      <td>0.085657</td>\n",
       "      <td>0.212999</td>\n",
